1,-.04,.61,.45,.03,-.29,-.30,.45,.30
-.04,1,-.07,-.12,.49,.43,.30,-.31,-.17
.61,-.07,1,.59,.03,-.13,-.24,.59,.32
.45,-.12,.59,1,-.08,-.21,-.19,.63,.37
.03,.49,.03,-.08,1,.47,.41,-.14,-.24
-.29,.43,-.13,-.21,.47,1,.63,-.13,-.15
-.30,.30,-.24,-.19,.41,.63,1,-.26,-.29
.45,-.31,.59,.63,-.14,-.13,-.26,1,.4
.30,-.17,.32,.37,-.24,-.15,-.29,.40,1