0 102.72 207.76 399.07 375.92 512.49 291.65 224.84 146.15 230.82 219.54 661.44 650.17 427.28
102.72 0 285.31 448.17 422.96 539.62 369.2 271.88 223.7 297.81 256.26 733.77 755.45 504.82
207.76 285.31 0 308.09 354.59 491.15 160.15 227.06 109.03 159.88 378.64 618.45 615.37 295.82
399.07 448.17 308.09 0 117.99 277.95 404.76 197.13 386.61 161.02 407.62 357.25 354.17 540.43
375.92 422.96 354.59 117.99 0 155.7 448.78 160.05 382.69 192.85 274.93 352.05 354.07 447.04
512.49 539.62 491.15 277.95 155.7 0 598.21 309.49 532.13 342.28 407.54 195.07 243.78 733.88
291.65 369.2 160.15 404.76 448.78 598.21 0 322.28 182.69 255.09 472.72 713.67 710.58 133.52
224.84 271.88 227.06 197.13 160.05 309.49 322.28 0 233.48 73.71 209.67 493.68 495.7 458.4
146.15 223.7 109.03 386.61 382.69 532.13 182.69 233.48 0 219.98 310.53 698.59 688.79 317.53
230.82 297.81 159.88 161.02 192.85 342.28 255.09 73.71 219.98 0 257.17 470.77 467.68 390.53
219.54 256.26 378.64 407.62 274.93 407.54 472.72 209.67 310.53 257.17 0 605.02 616.37 609.28
661.44 733.77 618.45 357.25 352.05 195.07 713.67 493.68 698.59 470.77 605.02 0 73.43 849.39
650.17 755.45 615.37 354.17 354.07 243.78 710.58 495.7 688.79 467.68 616.37 73.43 0 846.81
427.28 504.82 295.82 540.43 447.04 733.88 133.52 458.4 317.53 390.53 609.28 849.39 846.81 0
